%Time(s)	Speed(rpm)		
	%3/20/20171:31 PM
0.010	86.500
0.020	86.600
0.030	86.600
0.040	86.900
0.050	86.900
0.060	87.100
0.070	87.200
0.080	87.300
0.090	87.500
0.100	87.500
0.110	87.800
0.120	88.100
0.130	88.000
0.140	88.100
0.150	88.200
0.160	88.200
0.170	88.000
0.180	88.300
0.190	88.000
0.200	87.900
0.210	87.900
0.220	88.100
0.230	88.100
0.240	88.200
0.250	88.400
0.260	88.500
0.270	88.600
0.280	88.900
0.290	89.000
0.300	89.100
0.310	89.300
0.320	89.000
0.330	88.800
0.340	88.600
0.350	88.600
0.360	88.300
0.370	88.100
0.380	87.900
0.390	87.500
0.400	87.200
0.410	87.200
0.420	87.000
0.430	86.900
0.440	86.700
0.450	86.500
0.460	86.400
0.470	86.300
0.480	86.300
0.490	85.800
0.500	85.400
0.510	85.000
0.520	84.500
0.530	84.200
0.540	83.700
0.550	83.100
0.560	82.500
0.570	81.900
0.580	81.400
0.590	80.800
0.600	80.600
0.610	80.000
0.620	79.600
0.630	79.400
0.640	79.200
0.650	78.800
0.660	78.700
0.670	78.700
0.680	78.700
0.690	78.300
0.700	78.300
0.710	78.000
0.720	78.000
0.730	77.800
0.740	77.600
0.750	77.300
0.760	77.000
0.770	76.600
0.780	76.500
0.790	76.300
0.800	76.100
0.810	76.200
0.820	76.200
0.830	76.200
0.840	76.300
0.850	76.500
0.860	77.200
0.870	77.800
0.880	78.200
0.890	78.800
0.900	79.100
0.910	79.000
0.920	78.800
0.930	78.700
0.940	78.700
0.950	78.700
0.960	78.500
0.970	78.300
0.980	78.300
0.990	78.200
1.000	78.300
1.010	78.400
1.020	78.400
1.030	78.400
1.040	78.700
1.050	78.700
1.060	78.700
1.070	78.700
1.080	78.700
1.090	78.700
1.100	78.400
1.110	78.400
1.120	78.400
1.130	78.300
1.140	78.400
1.150	78.500
1.160	78.600
1.170	78.800
1.180	78.900
1.190	79.200
1.200	79.400
1.210	79.500
1.220	79.800
1.230	79.700
1.240	80.100
1.250	80.200
1.260	80.100
1.270	80.300
1.280	80.900
1.290	81.900
1.300	83.400
1.310	85.200
1.320	86.600
1.330	87.400
1.340	88.400
1.350	88.800
1.360	89.200
1.370	89.500
1.380	90.200
1.390	90.800
1.400	91.600
1.410	92.300
1.420	93.300
1.430	94.000
1.440	94.700
1.450	95.600
1.460	95.700
1.470	96.600
1.480	96.600
1.490	96.900
1.500	97.100
1.510	97.300
1.520	97.700
1.530	97.700
1.540	97.900
1.550	98.500
1.560	98.800
1.570	99.200
1.580	99.300
1.590	99.600
1.600	100.000
1.610	100.400
1.620	100.700
1.630	100.800
1.640	100.800
1.650	101.100
1.660	101.300
1.670	101.700
1.680	101.900
1.690	101.800
1.700	101.900
1.710	102.100
1.720	102.400
1.730	102.400
1.740	103.000
1.750	102.700
1.760	102.900
1.770	103.100
1.780	103.500
1.790	103.600
1.800	103.600
1.810	103.800
1.820	104.000
1.830	104.000
1.840	104.000
1.850	104.100
1.860	104.100
1.870	104.300
1.880	104.600
1.890	104.800
1.900	105.000
1.910	105.500
1.920	105.400
1.930	105.400
1.940	105.900
1.950	105.400
1.960	105.300
1.970	105.200
1.980	105.000
1.990	104.700
2.000	104.900
2.010	105.000
2.020	104.900
2.030	105.100
2.040	105.300
2.050	105.500
2.060	105.800
2.070	106.200
2.080	105.900
2.090	105.700
2.100	105.800
2.110	105.700
2.120	105.600
2.130	105.500
2.140	105.500
2.150	105.600
2.160	105.700
2.170	105.800
2.180	105.800
2.190	105.600
2.200	105.900
2.210	106.100
2.220	106.500
2.230	106.600
2.240	106.500
2.250	106.900
2.260	106.700
2.270	107.000
2.280	106.700
2.290	106.600
2.300	106.600
2.310	106.700
2.320	106.700
2.330	106.600
2.340	107.000
2.350	107.100
2.360	106.900
2.370	107.200
2.380	107.600
2.390	107.200
2.400	107.100
2.410	107.200
2.420	106.900
2.430	106.800
2.440	106.800
2.450	106.800
2.460	106.600
2.470	106.500
2.480	106.400
2.490	107.000
2.500	106.300
2.510	106.300
2.520	106.000
2.530	106.000
2.540	106.000
2.550	106.000
2.560	106.200
2.570	106.100
2.580	106.400
2.590	106.600
2.600	106.700
2.610	106.900
2.620	107.000
2.630	107.000
2.640	108.000
2.650	107.200
2.660	107.100
2.670	107.100
2.680	107.200
2.690	107.100
2.700	107.100
2.710	106.900
2.720	106.800
2.730	106.900
2.740	107.000
2.750	107.100
2.760	107.200
2.770	107.500
2.780	107.400
2.790	107.600
2.800	108.000
2.810	107.800
2.820	107.700
2.830	107.700
2.840	107.500
2.850	107.400
2.860	107.000
2.870	107.100
2.880	107.100
2.890	107.000
2.900	106.600
2.910	106.700
2.920	107.100
2.930	106.600
2.940	106.500
2.950	106.300
2.960	106.100
2.970	106.200
2.980	106.100
2.990	106.200
3.000	106.200
3.010	106.300
3.020	106.200
3.030	106.300
3.040	106.200
3.050	106.100
3.060	106.000
3.070	106.100
3.080	106.100
3.090	105.800
3.100	105.600
3.110	105.600
3.120	105.600
3.130	105.600
3.140	105.500
3.150	105.400
3.160	105.200
3.170	105.300
3.180	105.200
3.190	105.200
3.200	105.100
3.210	105.100
3.220	105.000
3.230	105.000
3.240	104.900
3.250	105.000
3.260	104.500
3.270	104.400
3.280	104.400
3.290	104.100
3.300	103.800
3.310	103.900
3.320	103.900
3.330	104.000
3.340	103.900
3.350	104.000
3.360	103.800
3.370	103.400
3.380	103.300
3.390	103.000
3.400	103.000
3.410	102.900
3.420	102.800
3.430	102.800
3.440	102.600
3.450	102.500
3.460	102.500
3.470	102.600
3.480	102.600
3.490	102.400
3.500	102.400
3.510	102.500
3.520	102.400
3.530	102.100
3.540	102.000
3.550	101.900
3.560	101.900
3.570	101.900
3.580	101.800
3.590	101.700
3.600	101.400
3.610	101.500
3.620	101.500
3.630	101.400
3.640	101.500
3.650	101.500
3.660	101.500
3.670	101.300
3.680	101.200
3.690	101.400
3.700	101.000
3.710	100.900
3.720	100.700
3.730	100.600
3.740	100.600
3.750	100.400
3.760	100.000
3.770	100.200
3.780	100.100
3.790	100.200
3.800	100.100
3.810	100.000
3.820	100.200
3.830	99.700
3.840	99.600
3.850	99.400
3.860	99.300
3.870	99.200
3.880	99.100
3.890	99.000
3.900	98.900
3.910	98.900
3.920	98.800
3.930	98.800
3.940	98.800
3.950	98.800
3.960	98.700
3.970	98.600
3.980	98.700
3.990	98.700
4.000	98.600
4.010	98.400
4.020	98.200
4.030	98.100
4.040	98.100
4.050	98.000
4.060	98.000
4.070	97.900
4.080	97.500
4.090	97.700
4.100	97.700
4.110	97.800
4.120	97.600
4.130	97.700
4.140	97.600
4.150	97.600
4.160	97.700
4.170	97.300
4.180	97.200
4.190	96.900
4.200	97.000
4.210	96.700
4.220	96.700
4.230	96.600
4.240	96.200
4.250	96.500
4.260	96.300
4.270	96.300
4.280	96.300
4.290	96.200
4.300	96.300
4.310	96.000
4.320	96.000
4.330	95.800
4.340	95.500
4.350	95.600
4.360	95.300
4.370	95.200
4.380	95.200
4.390	95.100
4.400	95.000
4.410	94.900
4.420	95.000
4.430	94.900
4.440	94.900
4.450	94.800
4.460	94.700
4.470	94.900
4.480	94.900
4.490	94.700
4.500	94.700
4.510	94.500
4.520	94.300
4.530	94.100
4.540	94.100
4.550	94.000
4.560	93.700
4.570	93.700
4.580	93.900
4.590	93.700
4.600	93.700
4.610	93.600
4.620	93.800
4.630	93.700
4.640	93.600
4.650	93.700
4.660	93.600
4.670	93.200
4.680	93.100
4.690	93.000
4.700	93.000
4.710	92.400
4.720	93.000
4.730	92.300
4.740	92.300
4.750	92.400
4.760	92.400
4.770	92.300
4.780	92.300
4.790	92.300
4.800	92.000
4.810	92.200
4.820	91.900
4.830	91.800
4.840	91.700
4.850	91.600
4.860	91.300
4.870	91.200
4.880	91.300
4.890	91.100
4.900	91.100
4.910	91.000
4.920	91.100
4.930	91.000
4.940	91.100
4.950	90.900
4.960	90.700
4.970	90.800
4.980	90.900
4.990	91.000
5.000	90.600
5.010	90.600
5.020	90.500
5.030	90.500
5.040	90.300
5.050	90.100
5.060	90.200
5.070	90.000
5.080	89.700
5.090	89.600
5.100	89.800
5.110	89.700
5.120	89.700
5.130	89.500
5.140	89.700
5.150	89.600
5.160	89.600
5.170	89.900
5.180	89.500
5.190	89.400
5.200	89.200
5.210	89.000
5.220	88.900
5.230	88.800
5.240	88.700
5.250	88.600
5.260	88.200
5.270	88.300
5.280	88.300
5.290	88.300
5.300	88.200
5.310	88.100
5.320	88.100
5.330	88.200
5.340	88.100
5.350	87.900
5.360	87.800
5.370	87.700
5.380	87.600
5.390	87.400
5.400	87.300
5.410	87.100
5.420	87.000
5.430	87.000
5.440	87.000
5.450	86.900
5.460	86.900
5.470	86.900
5.480	86.800
5.490	86.700
5.500	86.600
5.510	86.600
5.520	86.800
5.530	86.700
5.540	86.500
5.550	86.500
5.560	86.400
5.570	86.300
5.580	86.300
5.590	86.100
5.600	86.000
5.610	86.000
5.620	85.700
5.630	85.700
5.640	85.600
5.650	85.500
5.660	85.500
5.670	85.400
5.680	85.400
5.690	85.500
5.700	85.300
5.710	85.400
5.720	85.700
5.730	85.200
5.740	85.100
5.750	85.000
5.760	84.800
5.770	84.800
5.780	84.900
5.790	84.500
5.800	84.400
5.810	84.100
5.820	84.100
5.830	84.100
5.840	84.000
5.850	84.000
5.860	84.000
5.870	83.800
5.880	83.900
5.890	83.800
5.900	83.800
5.910	83.600
5.920	83.500
5.930	83.300
5.940	83.500
5.950	83.300
5.960	83.100
5.970	83.000
5.980	82.800
5.990	82.900
6.000	82.700
6.010	82.700
6.020	82.600
6.030	82.600
6.040	82.500
6.050	82.500
6.060	82.400
6.070	82.400
6.080	82.500
6.090	82.500
6.100	82.500
6.110	82.200
6.120	82.300
6.130	81.900
6.140	82.200
6.150	81.900
6.160	82.000
6.170	81.700
6.180	81.500
6.190	81.400
6.200	81.400
6.210	81.300
6.220	81.300
6.230	81.200
6.240	81.200
6.250	81.000
6.260	81.000
6.270	81.100
6.280	81.000
6.290	81.000
6.300	81.100
6.310	80.900
6.320	80.700
6.330	80.600
6.340	80.500
6.350	80.400
6.360	80.300
6.370	80.400
6.380	79.900
6.390	79.700
6.400	79.800
6.410	79.700
6.420	79.700
6.430	79.600
6.440	79.600
6.450	79.500
6.460	79.400
6.470	79.500
6.480	79.500
6.490	79.200
6.500	79.100
6.510	79.100
6.520	79.000
6.530	78.900
6.540	78.800
6.550	78.800
6.560	78.700
6.570	78.500
6.580	78.500
6.590	78.300
6.600	78.200
6.610	78.200
6.620	78.300
6.630	78.200
6.640	78.200
6.650	77.800
6.660	77.800
6.670	78.000
6.680	78.100
6.690	77.900
6.700	77.800
6.710	77.800
6.720	77.600
6.730	77.600
6.740	77.400
6.750	77.400
6.760	77.200
6.770	77.000
6.780	77.000
6.790	77.000
6.800	76.900
6.810	76.400
6.820	77.000
6.830	76.600
6.840	76.600
6.850	76.500
6.860	76.400
6.870	76.500
6.880	76.500
6.890	76.300
6.900	76.600
6.910	76.400
6.920	76.100
6.930	76.000
6.940	75.900
6.950	75.900
6.960	75.800
6.970	75.700
6.980	75.400
6.990	75.300
7.000	75.200
7.010	75.400
7.020	75.000
7.030	75.100
7.040	75.000
7.050	74.900
7.060	74.900
7.070	74.800
7.080	74.700
7.090	74.900
7.100	74.800
7.110	74.600
7.120	74.500
7.130	74.400
7.140	74.400
7.150	74.200
7.160	74.200
7.170	74.200
7.180	74.000
7.190	73.900
7.200	73.900
7.210	73.800
7.220	73.800
7.230	73.500
7.240	73.600
7.250	73.600
7.260	73.500
7.270	73.400
7.280	73.300
7.290	73.200
7.300	73.200
7.310	73.300
7.320	73.400
7.330	73.200
7.340	73.100
7.350	73.100
7.360	73.000
7.370	72.900
7.380	72.800
7.390	72.700
7.400	72.500
7.410	72.400
7.420	72.400
7.430	72.200
7.440	72.300
7.450	72.100
7.460	72.100
7.470	71.900
7.480	71.900
7.490	71.900
7.500	71.700
7.510	71.700
7.520	71.800
7.530	71.700
7.540	71.600
7.550	71.600
7.560	71.800
7.570	71.400
7.580	71.300
7.590	71.200
7.600	71.200
7.610	71.000
7.620	70.900
7.630	70.800
7.640	70.700
7.650	70.600
7.660	70.600
7.670	70.400
7.680	70.400
7.690	70.200
7.700	70.300
7.710	70.200
7.720	70.100
7.730	70.100
7.740	70.000
7.750	70.000
7.760	70.100
7.770	69.900
7.780	69.700
7.790	69.700
7.800	69.600
7.810	69.500
7.820	69.400
7.830	69.200
7.840	69.400
7.850	69.100
7.860	69.100
7.870	69.100
7.880	69.100
7.890	69.000
7.900	68.800
7.910	68.800
7.920	68.700
7.930	68.600
7.940	68.700
7.950	68.600
7.960	68.500
7.970	68.300
7.980	68.500
7.990	68.400
8.000	68.400
8.010	68.300
8.020	68.200
8.030	68.200
8.040	68.100
8.050	68.000
8.060	67.900
8.070	67.900
8.080	67.900
8.090	67.600
8.100	67.500
8.110	67.400
8.120	67.400
8.130	67.300
8.140	67.200
8.150	67.100
8.160	67.000
8.170	66.900
8.180	66.900
8.190	66.800
8.200	66.800
8.210	66.800
8.220	66.800
8.230	66.700
8.240	66.400
8.250	66.800
8.260	66.800
8.270	66.500
8.280	66.300
8.290	66.200
8.300	66.200
8.310	66.100
8.320	66.000
8.330	65.900
8.340	65.700
8.350	65.600
8.360	65.700
8.370	65.600
8.380	65.500
8.390	65.400
8.400	65.300
8.410	65.200
8.420	65.200
8.430	65.000
8.440	65.200
8.450	64.900
8.460	65.000
8.470	65.100
8.480	64.900
8.490	64.800
8.500	64.600
8.510	64.600
8.520	64.600
8.530	64.500
8.540	64.200
8.550	64.400
8.560	64.500
8.570	64.200
8.580	64.000
8.590	64.000
8.600	63.900
8.610	63.900
8.620	63.900
8.630	63.800
8.640	63.700
8.650	63.600
8.660	63.600
8.670	63.700
8.680	63.500
8.690	63.400
8.700	63.300
8.710	63.200
8.720	63.300
8.730	63.300
8.740	63.200
8.750	63.000
8.760	63.300
8.770	63.000
8.780	62.900
8.790	62.900
8.800	62.800
8.810	62.600
8.820	62.600
8.830	62.900
8.840	62.300
8.850	62.300
8.860	62.300
8.870	62.200
8.880	62.200
8.890	62.000
8.900	61.900
8.910	61.800
8.920	61.700
8.930	61.700
8.940	61.600
8.950	61.600
8.960	61.500
8.970	61.500
8.980	61.500
8.990	61.400
9.000	61.300
9.010	61.300
9.020	61.400
9.030	61.500
9.040	61.000
9.050	61.000
9.060	60.900
9.070	60.800
9.080	60.700
9.090	60.600
9.100	60.500
9.110	60.400
9.120	60.300
9.130	60.300
9.140	60.300
9.150	60.200
9.160	60.100
9.170	60.000
9.180	60.000
9.190	59.800
9.200	59.800
9.210	59.800
9.220	59.700
9.230	59.600
9.240	59.700
9.250	59.600
9.260	59.600
9.270	59.500
9.280	59.300
9.290	59.200
9.300	59.200
9.310	59.100
9.320	59.100
9.330	59.000
9.340	58.900
9.350	58.800
9.360	58.700
9.370	58.600
9.380	58.600
9.390	58.600
9.400	58.500
9.410	58.400
9.420	58.500
9.430	58.400
9.440	58.200
9.450	58.200
9.460	58.300
9.470	58.100
9.480	58.100
9.490	57.700
9.500	58.100
9.510	58.000
9.520	57.800
9.530	57.800
9.540	57.800
9.550	57.800
9.560	57.700
9.570	57.600
9.580	57.600
9.590	57.400
9.600	57.300
9.610	57.300
9.620	57.300
9.630	57.200
9.640	57.100
9.650	57.000
9.660	56.800
9.670	56.700
9.680	56.800
9.690	56.600
9.700	56.600
9.710	56.600
9.720	56.400
9.730	56.300
9.740	56.200
9.750	56.100
9.760	56.100
9.770	56.000
9.780	55.900
9.790	55.900
9.800	56.000
9.810	55.900
9.820	55.800
9.830	55.700
9.840	55.700
9.850	55.700
9.860	55.800
9.870	55.600
9.880	55.400
9.890	55.300
9.900	55.300
9.910	55.200
9.920	55.200
9.930	55.000
9.940	54.900
9.950	54.800
9.960	54.700
9.970	54.500
9.980	54.600
9.990	54.600
10.000	54.500
10.010	54.500
10.020	54.400
10.030	54.300
10.040	54.300
10.050	54.100
10.060	54.100
10.070	54.000
10.080	54.000
10.090	53.900
10.100	53.900
10.110	53.900
10.120	53.800
10.130	53.800
10.140	53.600
10.150	53.600
10.160	53.500
10.170	53.400
10.180	53.300
10.190	53.300
10.200	53.200
10.210	53.100
10.220	53.100
10.230	53.000
10.240	53.000
10.250	52.900
10.260	52.800
10.270	52.800
10.280	52.700
10.290	52.700
10.300	52.700
10.310	52.500
10.320	52.600
10.330	52.500
10.340	52.400
10.350	52.400
10.360	52.300
10.370	52.200
10.380	52.100
10.390	52.000
10.400	52.000
10.410	52.000
10.420	52.000
10.430	52.000
10.440	51.900
10.450	51.800
10.460	51.800
10.470	51.600
10.480	51.600
10.490	51.500
10.500	51.400
10.510	51.400
10.520	51.300
10.530	51.300
10.540	51.100
10.550	51.000
10.560	51.000
10.570	50.900
10.580	50.700
10.590	50.700
10.600	50.700
10.610	50.600
10.620	50.600
10.630	50.500
10.640	50.400
10.650	50.300
10.660	50.300
10.670	50.200
10.680	50.100
10.690	49.900
10.700	49.900
10.710	49.800
10.720	49.800
10.730	49.900
10.740	49.800
10.750	49.700
10.760	49.600
10.770	49.600
10.780	49.600
10.790	49.700
10.800	49.500
10.810	49.400
10.820	49.300
10.830	49.300
10.840	49.200
10.850	49.100
10.860	49.000
10.870	48.900
10.880	48.700
10.890	48.700
10.900	48.800
10.910	48.600
10.920	48.400
10.930	48.400
10.940	48.400
10.950	48.300
10.960	48.300
10.970	48.200
10.980	48.100
10.990	48.100
11.000	48.100
11.010	48.000
11.020	47.900
11.030	47.900
11.040	47.800
11.050	47.800
11.060	47.700
11.070	47.800
11.080	47.700
11.090	47.600
11.100	47.500
11.110	47.300
11.120	47.400
11.130	47.300
11.140	47.200
11.150	47.100
11.160	47.000
11.170	47.100
11.180	47.000
11.190	46.900
11.200	46.800
11.210	46.700
11.220	46.700
11.230	46.700
11.240	46.600
11.250	46.500
11.260	46.500
11.270	46.400
11.280	46.400
11.290	46.300
11.300	46.200
11.310	46.200
11.320	46.200
11.330	46.000
11.340	46.100
11.350	46.000
11.360	45.900
11.370	45.800
11.380	45.700
11.390	45.700
11.400	45.600
11.410	45.600
11.420	45.600
11.430	45.500
11.440	45.500
11.450	45.500
11.460	45.400
11.470	45.400
11.480	45.200
11.490	45.100
11.500	45.100
11.510	45.000
11.520	45.000
11.530	44.900
11.540	44.800
11.550	44.700
11.560	44.700
11.570	44.600
11.580	44.600
11.590	44.500
11.600	44.300
11.610	44.200
11.620	44.200
11.630	44.200
11.640	44.100
11.650	44.000
11.660	43.900
11.670	43.900
11.680	43.800
11.690	43.700
11.700	43.600
11.710	43.600
11.720	43.500
11.730	43.400
11.740	43.400
11.750	43.300
11.760	43.200
11.770	43.100
11.780	43.200
11.790	43.200
11.800	43.100
11.810	43.000
11.820	42.900
11.830	42.900
11.840	42.900
11.850	42.900
11.860	42.900
11.870	42.800
11.880	42.600
11.890	42.500
11.900	42.500
11.910	42.400
11.920	42.400
11.930	42.300
11.940	42.200
11.950	42.200
11.960	42.100
11.970	42.000
11.980	42.000
11.990	41.800
12.000	41.700
12.010	41.700
12.020	41.700
12.030	41.600
12.040	41.600
12.050	41.500
12.060	41.400
12.070	41.400
12.080	41.300
12.090	41.300
12.100	41.200
12.110	41.200
12.120	41.100
12.130	41.000
12.140	41.000
12.150	41.000
12.160	40.900
12.170	40.800
12.180	40.800
12.190	40.800
12.200	40.800
12.210	40.700
12.220	40.600
12.230	40.500
12.240	40.500
12.250	40.300
12.260	40.200
12.270	40.300
12.280	40.200
12.290	40.100
12.300	40.000
12.310	40.000
12.320	39.900
12.330	39.900
12.340	39.800
12.350	39.800
12.360	39.700
12.370	39.700
12.380	39.600
12.390	39.500
12.400	39.500
12.410	39.400
12.420	39.400
12.430	39.300
12.440	39.300
12.450	39.300
12.460	39.200
12.470	39.100
12.480	39.100
12.490	39.000
12.500	39.000
12.510	38.900
12.520	38.800
12.530	38.800
12.540	38.700
12.550	38.600
12.560	38.500
12.570	38.400
12.580	38.300
12.590	38.400
12.600	38.400
12.610	38.300
12.620	38.300
12.630	38.200
12.640	38.200
12.650	38.200
12.660	38.100
12.670	38.000
12.680	37.900
12.690	37.800
12.700	37.700
12.710	37.700
12.720	37.600
12.730	37.500
12.740	37.500
12.750	37.400
12.760	37.400
12.770	37.300
12.780	37.200
12.790	37.200
12.800	37.100
12.810	36.900
12.820	36.800
12.830	36.800
12.840	36.800
12.850	36.700
12.860	36.600
12.870	36.600
12.880	36.600
12.890	36.500
12.900	36.400
12.910	36.300
12.920	36.200
12.930	36.200
12.940	36.100
12.950	36.000
12.960	36.000
12.970	35.900
12.980	35.800
12.990	35.700
13.000	35.600
13.010	35.600
13.020	35.500
13.030	35.500
13.040	35.600
13.050	35.500
13.060	35.400
13.070	35.400
13.080	35.300
13.090	35.200
13.100	35.200
13.110	35.100
13.120	35.100
13.130	35.200
13.140	35.000
13.150	35.000
13.160	34.800
13.170	34.800
13.180	34.800
13.190	34.700
13.200	34.600
13.210	34.600
13.220	34.500
13.230	34.400
13.240	34.400
13.250	34.300
13.260	34.200
13.270	34.200
13.280	34.100
13.290	34.000
13.300	33.900
13.310	33.900
13.320	33.900
13.330	33.800
13.340	33.800
13.350	33.700
13.360	33.700
13.370	33.600
13.380	33.300
13.390	33.400
13.400	33.500
13.410	33.500
13.420	33.400
13.430	33.200
13.440	33.200
13.450	33.100
13.460	33.100
13.470	33.000
13.480	33.000
13.490	33.000
13.500	32.900
13.510	32.800
13.520	32.800
13.530	32.800
13.540	32.800
13.550	32.700
13.560	32.600
13.570	32.600
13.580	32.500
13.590	32.400
13.600	32.300
13.610	32.300
13.620	32.200
13.630	32.200
13.640	32.100
13.650	32.100
13.660	32.000
13.670	32.000
13.680	31.900
13.690	31.800
13.700	31.800
13.710	31.700
13.720	31.700
13.730	31.600
13.740	31.500
13.750	31.500
13.760	31.400
13.770	31.400
13.780	31.300
13.790	31.300
13.800	31.200
13.810	31.200
13.820	31.100
13.830	31.100
13.840	31.000
13.850	31.000
13.860	30.900
13.870	30.900
13.880	30.800
13.890	30.700
13.900	30.700
13.910	30.600
13.920	30.600
13.930	30.600
13.940	30.500
13.950	30.400
13.960	30.400
13.970	30.300
13.980	30.200
13.990	30.200
14.000	30.100
14.010	30.000
14.020	29.900
14.030	29.900
14.040	29.800
14.050	29.800
14.060	29.800
14.070	29.700
14.080	29.700
14.090	29.600
14.100	29.600
14.110	29.500
14.120	29.500
14.130	29.400
14.140	29.400
14.150	29.300
14.160	29.200
14.170	29.100
14.180	29.100
14.190	29.000
14.200	29.000
14.210	28.900
14.220	28.800
14.230	28.700
14.240	28.700
14.250	28.600
14.260	28.600
14.270	28.500
14.280	28.400
14.290	28.400
14.300	28.300
14.310	28.300
14.320	28.200
14.330	28.100
14.340	28.000
14.350	27.900
14.360	27.800
14.370	27.700
14.380	27.800
14.390	27.800
14.400	27.800
14.410	27.600
14.420	27.500
14.430	27.400
14.440	27.300
14.450	27.300
14.460	27.200
14.470	27.100
14.480	27.100
14.490	27.000
14.500	26.900
14.510	26.900
14.520	26.800
14.530	26.800
14.540	26.700
14.550	26.600
14.560	26.600
14.570	26.500
14.580	26.400
14.590	26.400
14.600	26.300
14.610	26.300
14.620	26.200
14.630	26.200
14.640	26.100
14.650	26.100
14.660	26.100
14.670	26.000
14.680	25.900
14.690	25.900
14.700	25.900
14.710	25.800
14.720	25.700
14.730	25.700
14.740	25.600
14.750	25.600
14.760	25.500
14.770	25.500
14.780	25.500
14.790	25.400
14.800	25.400
14.810	25.300
14.820	25.200
14.830	25.200
14.840	25.100
14.850	25.000
14.860	24.900
14.870	24.900
14.880	24.900
14.890	24.900
14.900	24.800
14.910	24.700
14.920	24.700
14.930	24.600
14.940	24.600
14.950	24.500
14.960	24.400
14.970	24.400
14.980	24.300
14.990	24.200
15.000	24.200
15.010	24.100
15.020	24.100
15.030	24.000
15.040	24.000
15.050	23.900
15.060	23.900
15.070	23.800
15.080	23.800
15.090	23.700
15.100	23.700
15.110	23.600
15.120	23.600
15.130	23.500
15.140	23.500
15.150	23.400
15.160	23.400
15.170	23.300
15.180	23.300
15.190	23.200
15.200	23.200
15.210	23.100
15.220	23.100
15.230	23.000
15.240	23.000
15.250	22.900
15.260	22.900
15.270	22.800
15.280	22.800
15.290	22.700
15.300	22.700
15.310	22.600
15.320	22.600
15.330	22.500
15.340	22.500
15.350	22.500
15.360	22.400
15.370	22.400
15.380	22.300
15.390	22.200
15.400	22.200
15.410	22.100
15.420	22.100
15.430	22.000
15.440	21.900
15.450	21.900
15.460	21.800
15.470	21.800
15.480	21.700
15.490	21.700
15.500	21.600
15.510	21.600
15.520	21.500
15.530	21.500
15.540	21.400
15.550	21.300
15.560	21.300
15.570	21.200
15.580	21.200
15.590	21.100
15.600	21.100
15.610	21.000
15.620	21.000
15.630	20.900
15.640	20.900
15.650	20.800
15.660	20.800
15.670	20.700
15.680	20.700
15.690	20.600
15.700	20.600
15.710	20.500
15.720	20.400
15.730	20.400
15.740	20.400
15.750	20.300
15.760	20.300
15.770	20.200
15.780	20.200
15.790	20.100
15.800	20.000
15.810	20.000
15.820	19.900
15.830	19.900
15.840	19.800
15.850	19.800
15.860	19.700
15.870	19.700
15.880	19.600
15.890	19.600
15.900	19.500
15.910	19.400
15.920	19.400
15.930	19.400
15.940	19.300
15.950	19.300
15.960	19.200
15.970	19.100
15.980	19.100
15.990	19.000
16.000	19.000
16.010	19.000
16.020	18.900
16.030	18.800
16.040	18.800
16.050	18.700
16.060	18.600
16.070	18.600
16.080	18.600
16.090	18.500
16.100	18.400
16.110	18.400
16.120	18.300
16.130	18.300
16.140	18.200
16.150	18.100
16.160	18.100
16.170	18.000
16.180	18.000
16.190	17.900
16.200	17.800
16.210	17.700
16.220	17.700
16.230	17.600
16.240	17.600
16.250	17.500
16.260	17.500
16.270	17.400
16.280	17.400
16.290	17.300
16.300	17.200
16.310	17.200
16.320	17.200
16.330	17.100
16.340	17.000
16.350	17.000
16.360	16.900
16.370	16.900
16.380	16.800
16.390	16.800
16.400	16.700
16.410	16.600
16.420	16.600
16.430	16.500
16.440	16.500
16.450	16.400
16.460	16.400
16.470	16.300
16.480	16.300
16.490	16.200
16.500	16.200
16.510	16.100
16.520	16.100
16.530	16.000
16.540	16.000
16.550	15.900
16.560	15.800
16.570	15.800
16.580	15.700
16.590	15.700
16.600	15.600
16.610	15.500
16.620	15.500
16.630	15.400
16.640	15.300
16.650	15.200
16.660	15.200
16.670	15.100
16.680	15.100
16.690	15.000
16.700	15.000
16.710	14.900
16.720	14.800
16.730	14.800
16.740	14.700
16.750	14.600
16.760	14.600
16.770	14.500
16.780	14.500
16.790	14.400
16.800	14.300
16.810	14.200
16.820	14.200
16.830	14.100
16.840	14.000
16.850	14.000
16.860	13.900
16.870	13.900
16.880	13.800
16.890	13.700
16.900	13.700
16.910	13.600
16.920	13.500
16.930	13.500
16.940	13.400
16.950	13.400
16.960	13.300
16.970	13.200
16.980	13.200
16.990	13.100
17.000	13.100
17.010	13.000
17.020	12.900
17.030	12.900
17.040	12.800
17.050	12.800
17.060	12.700
17.070	12.600
17.080	12.600
17.090	12.500
17.100	12.500
17.110	12.400
17.120	12.400
17.130	12.300
17.140	12.200
17.150	12.200
17.160	12.100
17.170	12.100
17.180	12.000
17.190	11.900
17.200	11.900
17.210	11.900
17.220	11.800
17.230	11.700
17.240	11.700
17.250	11.600
17.260	11.600
17.270	11.600
17.280	11.500
17.290	11.400
17.300	11.400
17.310	11.400
17.320	11.300
17.330	11.300
17.340	11.200
17.350	11.100
17.360	11.100
17.370	11.000
17.380	11.000
17.390	10.900
17.400	10.900
17.410	10.800
17.420	10.800
17.430	10.800
17.440	10.700
17.450	10.600
17.460	10.600
17.470	10.500
17.480	10.500
17.490	10.400
17.500	10.400
17.510	10.300
17.520	10.300
17.530	10.200
17.540	10.200
17.550	10.100
17.560	10.100
17.570	10.100
17.580	10.000
17.590	10.000
17.600	9.900
17.610	9.900
17.620	9.800
17.630	9.800
17.640	9.700
17.650	9.700
17.660	9.600
17.670	9.600
17.680	9.500
17.690	9.500
17.700	9.400
17.710	9.400
17.720	9.300
17.730	9.300
17.740	9.200
17.750	9.200
17.760	9.200
17.770	9.100
17.780	9.100
17.790	9.000
17.800	9.000
17.810	8.900
17.820	8.900
17.830	8.800
17.840	8.800
17.850	8.800
17.860	8.700
17.870	8.600
17.880	8.600
17.890	8.500
17.900	8.500
17.910	8.400
17.920	8.400
17.930	8.300
17.940	8.300
17.950	8.200
17.960	8.200
17.970	8.100
17.980	8.100
17.990	8.000
18.000	8.000
18.010	7.900
18.020	7.800
18.030	7.800
18.040	7.800
18.050	7.700
18.060	7.700
18.070	7.700
18.080	7.600
18.090	7.500
18.100	7.500
18.110	7.500
18.120	7.400
18.130	7.300
18.140	7.300
18.150	7.300
18.160	7.200
18.170	7.100
18.180	7.100
18.190	7.000
18.200	7.000
18.210	6.900
18.220	6.900
18.230	6.800
18.240	6.800
18.250	6.800
18.260	6.700
18.270	6.600
18.280	6.600
18.290	6.500
18.300	6.500
18.310	6.400
18.320	6.400
18.330	6.400
18.340	6.300
18.350	6.200
18.360	6.200
18.370	6.100
18.380	6.100
18.390	6.000
18.400	5.900
18.410	5.900
18.420	5.900
18.430	5.900
18.440	5.800
18.450	5.800
18.460	5.700
18.470	5.600
18.480	5.600
18.490	5.500
18.500	5.500
18.510	5.400
18.520	5.400
18.530	5.300
18.540	5.300
18.550	5.200
18.560	5.200
18.570	5.100
18.580	5.100
18.590	5.000
18.600	5.000
18.610	4.900
18.620	4.900
18.630	4.800
18.640	4.800
18.650	4.800
18.660	4.700
18.670	4.700
18.680	4.500
18.690	4.500
18.700	4.400
18.710	4.400
18.720	4.400
18.730	4.300
18.740	4.300
18.750	4.200
18.760	4.200
18.770	4.200
18.780	4.100
18.790	4.100
18.800	3.900
18.810	3.900
18.820	3.900
18.830	3.800
18.840	3.800
18.850	3.800
18.860	3.700
18.870	3.700
18.880	3.700
18.890	3.500
18.900	3.500
18.910	3.500
18.920	3.400
18.930	3.400
18.940	3.400
18.950	3.200
18.960	3.200
18.970	3.200
18.980	3.200
18.990	3.100
19.000	3.100
19.010	3.100
19.020	3.100
19.030	2.900
19.040	2.900
19.050	2.900
19.060	2.900
19.070	2.700
19.080	2.700
19.090	2.700
19.100	2.700
19.110	2.700
19.120	2.500
19.130	2.500
19.140	2.500
19.150	2.500
19.160	2.500
19.170	2.300
19.180	2.300
19.190	2.300
19.200	2.300
19.210	2.300
19.220	2.300
19.230	2.300
19.240	2.000
19.250	2.000
19.260	2.000
19.270	2.000
19.280	2.000
19.290	2.000
19.300	2.000
19.310	2.000
19.320	2.000
19.330	2.000
19.340	1.700
19.350	1.700
19.360	1.700
19.370	1.700
19.380	1.700
19.390	1.700
19.400	1.700
19.410	1.700
19.420	1.700
19.430	1.700
19.440	1.700
19.450	1.700
19.460	1.700
19.470	1.700
19.480	1.700
19.490	1.700
19.500	1.700
19.510	1.700
19.520	1.700
19.530	1.700
19.540	1.700
19.550	1.700
19.560	1.700
19.570	1.700
19.580	1.700
19.590	1.700
19.600	1.700
19.610	1.700
19.620	1.700
19.630	1.700
19.640	1.700
19.650	1.700
19.660	1.700
19.670	1.700
19.680	1.700
19.690	1.700
19.700	1.700
19.710	1.700
19.720	1.700
19.730	1.700
19.740	1.700
19.750	1.700
19.760	1.700
19.770	1.700
19.780	1.700
19.790	1.700
19.800	1.700
19.810	1.700
19.820	1.700
19.830	1.700
19.840	1.700
19.850	1.700
19.860	1.700
19.870	1.700
19.880	1.700
19.890	1.700
19.900	1.700
19.910	1.700
19.920	1.700
19.930	1.700
19.940	1.700
19.950	1.700
19.960	1.700
19.970	1.700
19.980	1.700
19.990	1.700
20.000	1.700
20.010	1.700
20.020	1.700
20.030	1.700
20.040	1.700
20.050	1.700
20.060	1.700
20.070	1.700
20.080	1.700
20.090	1.700
20.100	1.700
20.110	1.700
20.120	1.700
20.130	1.700
20.140	1.700
20.150	1.700
20.160	1.700
20.170	1.700
20.180	1.700
20.190	1.700
20.200	1.700
20.210	1.700
20.220	1.700
20.230	1.700
20.240	1.700
20.250	1.700
20.260	1.700
20.270	1.700
20.280	1.700
20.290	1.700
20.300	1.700
20.310	1.700
20.320	1.700
20.330	1.700
20.340	1.700
20.350	1.700
20.360	1.700
20.370	1.700
20.380	1.700
20.390	1.700
20.400	1.700
20.410	1.700
20.420	1.700
20.430	1.700
20.440	1.700
20.450	1.700
20.460	1.700
20.470	1.700
20.480	1.700
20.490	1.700
20.500	1.700
20.510	1.700
20.520	1.700
20.530	1.700
20.540	1.700
20.550	1.700
20.560	1.700
20.570	1.700
20.580	1.700
20.590	1.700
20.600	1.700
20.610	1.700
20.620	1.700
20.630	1.700
20.640	1.700
20.650	1.700
20.660	1.700
20.670	1.700
20.680	1.700
20.690	1.700
20.700	1.700
20.710	1.700
20.720	1.700
20.730	1.700
20.740	1.700
20.750	1.700
20.760	1.700
20.770	1.700
20.780	1.700
20.790	1.700
20.800	1.700
20.810	1.700
20.820	1.700
20.830	1.700
20.840	1.700
20.850	1.700
20.860	1.700
20.870	1.700
20.880	1.700
20.890	1.700
20.900	1.700
20.910	1.700
20.920	1.700
20.930	1.700
20.940	1.700
20.950	1.700
20.960	1.700
20.970	1.700
20.980	1.700
20.990	1.700
21.000	1.700
21.010	1.700
21.020	1.700
21.030	1.700
21.040	1.700
21.050	1.700
21.060	1.700
21.070	1.700
21.080	1.700
21.090	1.700
21.100	1.700
21.110	1.700
21.120	1.700
21.130	1.700
21.140	1.700
21.150	1.700
21.160	1.700
21.170	1.700
21.180	1.700
21.190	1.700
21.200	1.700
21.210	1.700
21.220	1.700
21.230	1.700
21.240	1.700
21.250	1.700
21.260	1.700
21.270	1.700
21.280	1.700
21.290	1.700
21.300	1.700
21.310	1.700
21.320	1.700
21.330	1.700
21.340	1.700
21.350	1.700
21.360	1.700
21.370	1.700
21.380	1.700
21.390	1.700
21.400	1.700
21.410	1.700
21.420	1.700
21.430	1.700
21.440	1.700
21.450	1.700
21.460	1.700
21.470	1.700
21.480	1.700
21.490	1.700
21.500	1.700
21.510	1.700
21.520	1.700
21.530	1.700
21.540	1.700
21.550	1.700
21.560	1.700
21.570	1.700
21.580	1.700
21.590	1.700
21.600	1.700
21.610	1.700
21.620	1.700
21.630	1.700
21.640	1.700
21.650	1.700
21.660	1.700
21.670	1.700
21.680	1.700
21.690	1.700
21.700	1.700
21.710	1.700
21.720	1.700
21.730	1.700
21.740	1.700
21.750	1.700
21.760	1.700
21.770	1.700
21.780	1.700
21.790	1.700
21.800	1.700
21.810	1.700
21.820	1.700
21.830	1.700
21.840	1.700
21.850	1.700
21.860	1.700
21.870	1.700
21.880	1.700
21.890	1.700
21.900	1.700
21.910	1.700
21.920	1.700
21.930	1.700
21.940	1.700
21.950	1.700
21.960	1.700
21.970	1.700
21.980	1.700
21.990	1.700
22.000	1.700
22.010	1.700
22.020	1.700
22.030	1.700
22.040	1.700
22.050	1.700
22.060	1.700
22.070	1.700
22.080	1.700
22.090	1.700
22.100	1.700
22.110	1.700
22.120	1.700
22.130	1.700
22.140	1.700
22.150	1.700
22.160	1.700
22.170	1.700
22.180	1.700
22.190	1.700
22.200	1.700
22.210	1.700
22.220	1.700
22.230	1.700
22.240	1.700
22.250	1.700
22.260	1.700
22.270	1.700
22.280	1.700
22.290	1.700
22.300	1.700
22.310	1.700
22.320	1.700
22.330	1.700
22.340	1.700
22.350	1.700
22.360	1.700
22.370	1.700
22.380	1.700
22.390	1.700
22.400	1.700
22.410	1.700
22.420	1.700
22.430	1.700
22.440	1.700
22.450	1.700
22.460	1.700
22.470	1.700
22.480	1.700
22.490	1.700
22.500	1.700
22.510	1.700
22.520	1.700
22.530	1.700
22.540	1.700
22.550	1.700
22.560	1.700
22.570	1.700
22.580	1.700
22.590	1.700
22.600	1.700
22.610	1.700
22.620	1.700
22.630	1.700
22.640	1.700
22.650	1.700
22.660	1.700
22.670	1.700
22.680	1.700
22.690	1.700
22.700	1.700
22.710	1.700
22.720	1.700
22.730	1.700
22.740	1.700
22.750	1.700
22.760	1.700
22.770	1.700
22.780	1.700
22.790	1.700
22.800	1.700
22.810	1.700
22.820	1.700
22.830	1.700
22.840	1.700
22.850	1.700
22.860	1.700
22.870	1.700
22.880	1.700
22.890	1.700
22.900	1.700
22.910	1.700
22.920	1.700
22.930	1.700
22.940	1.700
22.950	1.700
22.960	1.700
22.970	1.700
22.980	1.700
22.990	1.700
23.000	1.700
23.010	1.700
23.020	1.700
23.030	1.700
23.040	1.700
23.050	1.700
23.060	1.700
23.070	1.700
23.080	1.700
23.090	1.700
23.100	1.700
23.110	1.700
23.120	1.700
23.130	1.700
23.140	1.700
23.150	1.700
23.160	1.700
23.170	1.700
23.180	1.700
23.190	1.700
23.200	1.700
23.210	1.700
23.220	1.700
23.230	1.700
23.240	1.700
23.250	1.700
23.260	1.700
23.270	1.700
23.280	1.700
23.290	1.700
23.300	1.700
23.310	1.700
23.320	1.700
23.330	1.700
23.340	1.700
23.350	1.700
23.360	1.700
23.370	1.700
23.380	1.700
23.390	1.700
23.400	1.700
23.410	1.700
23.420	1.700
23.430	1.700
23.440	1.700
23.450	1.700
23.460	1.700
23.470	1.700
23.480	1.700
23.490	1.700
23.500	1.700
23.510	1.700
23.520	1.700
23.530	1.700
23.540	1.700
23.550	1.700
23.560	1.700
23.570	1.700
23.580	1.700
23.590	1.700
23.600	1.700
23.610	1.700
23.620	1.700
23.630	1.700
23.640	1.700
23.650	1.700
23.660	1.700
23.670	1.700
23.680	1.700
23.690	1.700
23.700	1.700
23.710	1.700
23.720	1.700
23.730	1.700
23.740	1.700
23.750	1.700
23.760	1.700
23.770	1.700
23.780	1.700
23.790	1.700
23.800	1.700
23.810	1.700
23.820	1.700
23.830	1.700
23.840	1.700
23.850	1.700
23.860	1.700
23.870	1.700
23.880	1.700
23.890	1.700
23.900	1.700
23.910	1.700
23.920	1.700
23.930	1.700
23.940	1.700
23.950	1.700
23.960	1.700
23.970	1.700
23.980	1.700
23.990	1.700
24.000	1.700
24.010	1.700
24.020	1.700
24.030	1.700
24.040	1.700
24.050	1.700
24.060	1.700
24.070	1.700
24.080	1.700
24.090	1.700
24.100	1.700
24.110	1.700
24.120	1.700
24.130	1.700
24.140	1.700
24.150	1.700
24.160	1.700
24.170	1.700
24.180	1.700
24.190	1.700
24.200	1.700
24.210	1.700
24.220	1.700
24.230	1.700
24.240	1.700
24.250	1.700
24.260	1.700
24.270	1.700
24.280	1.700
24.290	1.700
24.300	1.700
24.310	1.700
24.320	1.700
24.330	1.700
24.340	1.700
24.350	1.700
24.360	1.700
24.370	1.700
24.380	1.700
24.390	1.700
24.400	1.700
24.410	1.700
24.420	1.700
24.430	1.700
24.440	1.700
24.450	1.700
24.460	1.700
24.470	1.700
24.480	1.700
24.490	1.700
24.500	1.700
24.510	1.700
24.520	1.700
24.530	1.700
24.540	1.700
24.550	1.700
24.560	1.700
24.570	1.700
24.580	1.700
24.590	1.700
24.600	1.700
24.610	1.700
24.620	1.700
24.630	1.700
24.640	1.700
24.650	1.700
24.660	1.700
24.670	1.700
24.680	1.700
24.690	1.700
24.700	1.700
24.710	1.700
24.720	1.700
24.730	1.700
24.740	1.700
24.750	1.700
24.760	1.700
24.770	1.700
24.780	1.700
24.790	1.700
24.800	1.700
24.810	1.700
24.820	1.700
24.830	1.700
24.840	1.700
24.850	1.700
24.860	1.700
24.870	1.700
24.880	1.700
24.890	1.700
24.900	1.700
24.910	1.700
24.920	1.700
24.930	1.700
24.940	1.700
24.950	1.700
24.960	1.700
24.970	1.700
24.980	1.700
24.990	1.700
25.000	1.700
25.010	1.700
25.020	1.700
25.030	1.700
25.040	1.700
25.050	1.700
25.060	1.700
25.070	1.700
25.080	1.700
25.090	1.700
25.100	1.700
25.110	1.700
25.120	1.700
25.130	1.700
25.140	1.700
25.150	1.700
25.160	1.700
25.170	1.700
25.180	1.700
25.190	1.700
25.200	1.700
25.210	1.700
25.220	1.700
25.230	1.700
25.240	1.700
25.250	1.700
25.260	1.700
25.270	1.700
25.280	1.700
25.290	1.700
25.300	1.700
25.310	1.700
25.320	1.700
25.330	1.700
25.340	1.700
25.350	1.700
25.360	1.700
25.370	1.700
25.380	1.700
25.390	1.700
25.400	1.700
25.410	1.700
25.420	1.700
25.430	1.700
25.440	1.700
25.450	1.700
25.460	1.700
25.470	1.700
25.480	1.700
25.490	1.700
25.500	1.700
25.510	1.700
25.520	1.700
25.530	1.700
25.540	1.700
25.550	1.700
25.560	1.700
25.570	1.700
25.580	1.700
25.590	1.700
25.600	1.700
25.610	1.700
25.620	1.700
25.630	1.700
25.640	1.700
25.650	1.700
25.660	1.700
25.670	1.700
25.680	1.700
25.690	1.700
25.700	1.700
25.710	1.700
25.720	1.700
25.730	1.700
25.740	1.700
25.750	1.700
25.760	1.700
25.770	1.700
25.780	1.700
25.790	1.700
25.800	1.700
25.810	1.700
25.820	1.700
25.830	1.700
25.840	1.700
25.850	1.700
25.860	1.700
25.870	1.700
25.880	1.700
25.890	1.700
25.900	1.700
25.910	1.700
25.920	1.700
25.930	1.700
25.940	1.700
25.950	1.700
25.960	1.700
25.970	1.700
25.980	1.700
25.990	1.700
26.000	1.700
26.010	1.700
26.020	1.700
26.030	1.700
26.040	1.700
26.050	1.700
26.060	1.700
26.070	1.700
26.080	1.700
26.090	1.700
26.100	1.700
26.110	1.700
26.120	1.700
26.130	1.700
26.140	1.700
26.150	1.700
26.160	1.700
26.170	1.700
26.180	1.700
26.190	1.700
26.200	1.700
26.210	1.700
26.220	1.700
26.230	1.700
26.240	1.700
26.250	1.700
26.260	1.700
26.270	1.700
26.280	1.700
26.290	1.700
26.300	1.700
26.310	1.700
26.320	1.700
26.330	1.700
26.340	1.700
26.350	1.700
26.360	1.700
26.370	1.700
26.380	1.700
26.390	1.700
26.400	1.700
26.410	1.700
26.420	1.700
26.430	1.700
26.440	1.700
26.450	1.700
26.460	1.700
26.470	1.700
26.480	1.700
26.490	1.700
26.500	1.700
26.510	1.700
26.520	1.700
26.530	1.700
26.540	1.700
26.550	1.700
26.560	1.700
26.570	1.700
26.580	1.700
26.590	1.700
26.600	1.700
26.610	1.700
26.620	1.700
26.630	1.700
26.640	1.700
26.650	1.700
26.660	1.700
26.670	1.700
26.680	1.700
26.690	1.700
26.700	1.700
26.710	1.700
26.720	1.700
26.730	1.700
26.740	1.700
26.750	1.700
26.760	1.700
26.770	1.700
26.780	1.700
26.790	1.700
26.800	1.700
26.810	1.700
26.820	1.700
26.830	1.700
26.840	1.700
26.850	1.700
26.860	1.700
26.870	1.700
26.880	1.700
26.890	1.700
26.900	1.700
26.910	1.700
26.920	1.700
26.930	1.700
26.940	1.700
26.950	1.700
26.960	1.700
26.970	1.700
26.980	1.700
26.990	1.700
27.000	1.700
27.010	1.700
27.020	1.700
27.030	1.700
27.040	1.700
27.050	1.700
27.060	1.700
27.070	1.700
27.080	1.700
27.090	1.700
27.100	1.700
27.110	1.700
27.120	1.700
27.130	1.700
27.140	1.700
27.150	1.700
27.160	1.700
27.170	1.700
27.180	1.700
27.190	1.700
27.200	1.700
27.210	1.700
27.220	1.700
27.230	1.700
27.240	1.700
27.250	1.700
27.260	1.700
27.270	1.700
27.280	1.700
27.290	1.700
27.300	1.700
27.310	1.700
27.320	1.700
27.330	1.700
27.340	1.700
27.350	1.700
27.360	1.700
27.370	1.700
27.380	1.700
27.390	1.700
27.400	1.700
27.410	1.700
27.420	1.700
27.430	1.700
27.440	1.700
27.450	1.700
27.460	1.700
27.470	1.700
27.480	1.700
27.490	1.700
27.500	1.700
27.510	1.700
27.520	1.700
27.530	1.700
27.540	1.700
27.550	1.700
27.560	1.700
27.570	1.700
27.580	1.700
27.590	1.700
27.600	1.700
27.610	1.700
27.620	1.700
27.630	1.700
27.640	1.700
27.650	1.700
27.660	1.700
27.670	1.700
27.680	1.700
27.690	1.700
27.700	1.700
27.710	1.700
27.720	1.700
27.730	1.700
27.740	1.700
27.750	1.700
27.760	1.700
27.770	1.700
27.780	1.700
27.790	1.700
27.800	1.700
27.810	1.700
27.820	1.700
27.830	1.700
27.840	1.700
27.850	1.700
27.860	1.700
27.870	1.700
27.880	1.700
27.890	1.700
27.900	1.700
27.910	1.700
27.920	1.700
27.930	1.700
27.940	1.700
27.950	1.700
27.960	1.700
27.970	1.700
27.980	1.700
27.990	1.700
28.000	1.700
28.010	1.700
28.020	1.700
28.030	1.700
28.040	1.700
28.050	1.700
28.060	1.700
28.070	1.700
28.080	1.700
28.090	1.700
28.100	1.700
28.110	1.700
28.120	1.700
28.130	1.700
28.140	1.700
28.150	1.700
28.160	1.700
28.170	1.700
28.180	1.700
28.190	1.700
28.200	1.700
28.210	1.700
28.220	1.700
28.230	1.700
28.240	1.700
28.250	1.700
28.260	1.700
28.270	1.700
28.280	1.700
28.290	1.700
28.300	1.700
28.310	1.700
28.320	1.700
28.330	1.700
28.340	1.700
28.350	1.700
28.360	1.700
28.370	1.700
28.380	1.700
28.390	1.700
28.400	1.700
28.410	1.700
28.420	1.700
28.430	1.700
28.440	1.700
28.450	1.700
28.460	1.700
28.470	1.700
28.480	1.700
28.490	1.700
28.500	1.700
28.510	1.700
28.520	1.700
28.530	1.700
28.540	1.700
28.550	1.700
28.560	1.700
28.570	1.700
28.580	1.700
28.590	1.700
28.600	1.700
28.610	1.700
28.620	1.700
28.630	1.700
28.640	1.700
28.650	1.700
28.660	1.700
28.670	1.700
28.680	1.700
28.690	1.700
28.700	1.700
28.710	1.700
28.720	1.700
28.730	1.700
28.740	1.700
28.750	1.700
28.760	1.700
28.770	1.700
28.780	1.700
28.790	1.700
28.800	1.700
28.810	1.700
28.820	1.700
28.830	1.700
28.840	1.700
28.850	1.700
28.860	1.700
28.870	1.700
28.880	1.700
28.890	1.700
28.900	1.700
28.910	1.700
28.920	1.700
28.930	1.700
28.940	1.700
28.950	1.700
28.960	1.700
28.970	1.700
28.980	1.700
28.990	1.700
29.000	1.700
29.010	1.700
29.020	1.700
29.030	1.700
29.040	1.700
29.050	1.700
29.060	1.700
29.070	1.700
29.080	1.700
29.090	1.700
29.100	1.700
29.110	1.700
29.120	1.700
29.130	1.700
29.140	1.700
29.150	1.700
29.160	1.700
29.170	1.700
29.180	1.700
29.190	1.700
29.200	1.700
29.210	1.700
29.220	1.700
29.230	1.700
29.240	1.700
29.250	1.700
29.260	1.700
29.270	1.700
29.280	1.700
29.290	1.700
29.300	1.700
29.310	1.700
29.320	1.700
29.330	1.700
29.340	1.700
29.350	1.700
29.360	1.700
29.370	1.700
29.380	1.700
29.390	1.700
29.400	1.700
29.410	1.700
29.420	1.700
29.430	1.700
29.440	1.700
29.450	1.700
29.460	1.700
29.470	1.700
29.480	1.700
29.490	1.700
29.500	1.700
29.510	1.700
29.520	1.700
29.530	1.700
29.540	1.700
29.550	1.700
29.560	1.700
29.570	1.700
29.580	1.700
29.590	1.700
29.600	1.700
29.610	1.700
29.620	1.700
29.630	1.700
29.640	1.700
29.650	1.700
29.660	1.700
29.670	1.700
29.680	1.700
29.690	1.700
29.700	1.700
29.710	1.700
29.720	1.700
29.730	1.700
29.740	1.700
29.750	1.700
29.760	1.700
29.770	1.700
29.780	1.700
29.790	1.700
29.800	1.700
29.810	1.700
29.820	1.700
29.830	1.700
29.840	1.700
29.850	1.700
29.860	1.700
29.870	1.700
29.880	1.700
29.890	1.700
29.900	1.700
29.910	1.700
29.920	1.700
29.930	1.700
29.940	1.700
29.950	1.700
29.960	1.700
29.970	1.700
29.980	1.700
29.990	1.700
30.000	1.700
30.010	1.700
30.020	1.700
30.030	1.700
30.040	1.700
30.050	1.700
30.060	1.700
30.070	1.700
30.080	1.700
30.090	1.700
30.100	1.700
30.110	1.700
30.120	1.700
30.130	1.700
30.140	1.700
30.150	1.700
30.160	1.700
30.170	1.700
30.180	1.700
30.190	1.700
30.200	1.700
30.210	1.700
30.220	1.700
30.230	1.700
30.240	1.700
30.250	1.700
30.260	1.700
30.270	1.700
30.280	1.700
30.290	1.700
30.300	1.700
30.310	1.700
30.320	1.700
30.330	1.700
30.340	1.700
30.350	1.700
30.360	1.700
30.370	1.700
30.380	1.700
30.390	1.700
30.400	1.700
30.410	1.700
30.420	1.700
30.430	1.700
30.440	1.700
30.450	1.700
30.460	1.700
30.470	1.700
30.480	1.700
30.490	1.700
30.500	1.700
30.510	1.700
30.520	1.700
30.530	1.700
30.540	1.700
30.550	1.700
30.560	1.700
30.570	1.700
30.580	1.700
30.590	1.700
30.600	1.700
30.610	1.700
30.620	1.700
30.630	1.700
30.640	1.700
30.650	1.700
30.660	1.700
30.670	1.700
30.680	1.700
30.690	1.700
30.700	1.700
30.710	1.700
30.720	1.700
30.730	1.700
30.740	1.700
30.750	1.700
30.760	1.700
30.770	1.700
30.780	1.700
30.790	1.700
30.800	1.700
30.810	1.700
30.820	1.700
30.830	1.700
30.840	1.700
30.850	1.700
30.860	1.700
30.870	1.700
30.880	1.700
30.890	1.700
30.900	1.700
30.910	1.700
30.920	1.700
30.930	1.700
30.940	1.700
30.950	1.700
30.960	1.700
30.970	1.700
30.980	1.700
30.990	1.700
31.000	1.700
31.010	1.700
31.020	1.700
31.030	1.700
31.040	1.700
31.050	1.700
31.060	1.700
31.070	1.700
31.080	1.700
31.090	1.700
31.100	1.700
31.110	1.700
31.120	1.700
31.130	1.700
31.140	1.700
31.150	1.700
31.160	1.700
31.170	1.700
31.180	1.700
31.190	1.700
31.200	1.700
31.210	1.700
31.220	1.700
31.230	1.700
31.240	1.700
31.250	1.700
31.260	1.700
31.270	1.700
31.280	1.700
31.290	1.700
31.300	1.700
31.310	1.700
31.320	1.700
31.330	1.700
31.340	1.700
31.350	1.700
31.360	1.700
31.370	1.700
31.380	1.700
31.390	1.700
31.400	1.700
31.410	1.700
31.420	1.700
31.430	1.700
31.440	1.700
31.450	1.700
31.460	1.700
31.470	1.700
31.480	1.700
31.490	1.700
31.500	1.700
31.510	1.700
31.520	1.700
31.530	1.700
31.540	1.700
31.550	1.700
31.560	1.700
31.570	1.700
31.580	1.700
31.590	1.700
31.600	1.700
31.610	1.700
31.620	1.700
31.630	1.700
31.640	1.700
31.650	1.700
31.660	1.700
31.670	1.700
31.680	1.700
31.690	1.700
31.700	1.700
31.710	1.700
31.720	1.700
31.730	1.700
31.740	1.700
31.750	1.700
31.760	1.700
31.770	1.700
31.780	1.700
31.790	1.700
31.800	1.700
31.810	1.700
31.820	1.700
31.830	1.700
31.840	1.700
31.850	1.700
31.860	1.700
31.870	1.700
31.880	1.700
31.890	1.700
31.900	1.700
31.910	1.700
31.920	1.700
31.930	1.700
31.940	1.700
31.950	1.700
31.960	1.700
31.970	1.700
31.980	1.700
31.990	1.700
32.000	1.700
32.010	1.700
32.020	1.700
32.030	1.700
32.040	1.700
32.050	1.700
32.060	1.700
32.070	1.700
32.080	1.700
32.090	1.700
32.100	1.700
32.110	1.700
32.120	1.700
32.130	1.700
32.140	1.700
32.150	1.700
32.160	1.700
32.170	1.700
32.180	1.700
32.190	1.700
32.200	1.700
32.210	1.700
32.220	1.700
32.230	1.700
32.240	1.700
32.250	1.700
32.260	1.700
32.270	1.700
32.280	1.700
32.290	1.700
32.300	1.700
32.310	1.700
32.320	1.700
32.330	1.700
32.340	1.700
32.350	1.700
32.360	1.700
32.370	1.700
32.380	1.700
32.390	1.700
32.400	1.700
32.410	1.700
32.420	1.700
32.430	1.700
32.440	1.700
32.450	1.700
32.460	1.700
32.470	1.700
32.480	1.700
32.490	1.700
32.500	1.700
32.510	1.700
32.520	1.700
32.530	1.700
32.540	1.700
32.550	1.700
32.560	1.700
32.570	1.700
32.580	1.700
32.590	1.700
32.600	1.700
32.610	1.700
32.620	1.700
32.630	1.700
32.640	1.700
32.650	1.700
32.660	1.700
32.670	1.700
32.680	1.700
32.690	1.700
32.700	1.700
32.710	1.700
32.720	1.700
32.730	1.700
32.740	1.700
32.750	1.700
32.760	1.700
32.770	1.700
32.780	1.700
32.790	1.700
32.800	1.700
32.810	1.700
32.820	1.700
32.830	1.700
32.840	1.700
32.850	1.700
32.860	1.700
32.870	1.700
32.880	1.700
32.890	1.700
32.900	1.700
32.910	1.700
32.920	1.700
32.930	1.700
32.940	1.700
32.950	1.700
32.960	1.700
32.970	1.700
32.980	1.700
32.990	1.700
33.000	1.700
33.010	1.700
33.020	1.700
33.030	1.700
33.040	1.700
33.050	1.700
33.060	1.700
33.070	1.700
33.080	1.700
33.090	1.700
33.100	1.700
33.110	1.700
33.120	1.700
33.130	1.700
33.140	1.700
33.150	1.700
33.160	1.700
33.170	1.700
33.180	1.700
33.190	1.700
33.200	1.700
33.210	1.700
33.220	1.700
33.230	1.700
33.240	1.700
33.250	1.700
33.260	1.700
33.270	1.700
33.280	1.700
33.290	1.700
33.300	1.700
33.310	1.700
33.320	1.700
33.330	1.700
33.340	1.700
33.350	1.700
33.360	1.700
33.370	1.700
33.380	1.700
33.390	1.700
33.400	1.700
33.410	1.700
33.420	1.700
33.430	1.700
33.440	1.700
33.450	1.700
33.460	1.700
33.470	1.700
33.480	1.700
33.490	1.700
33.500	1.700
33.510	1.700
33.520	1.700
33.530	1.700
33.540	1.700
33.550	1.700
33.560	1.700
33.570	1.700
33.580	1.700
33.590	1.700
33.600	1.700
33.610	1.700
33.620	1.700
33.630	1.700
33.640	1.700
33.650	1.700
33.660	1.700
33.670	1.700
33.680	1.700
33.690	1.700
33.700	1.700
33.710	1.700
33.720	1.700
33.730	1.700
33.740	1.700
33.750	1.700
33.760	1.700
33.770	1.700
33.780	1.700
33.790	1.700
33.800	1.700
33.810	1.700
33.820	1.700
33.830	1.700
33.840	1.700
33.850	1.700
33.860	1.700
33.870	1.700
33.880	1.700
33.890	1.700
33.900	1.700
33.910	1.700
33.920	1.700
33.930	1.700
33.940	1.700
33.950	1.700
33.960	1.700
33.970	1.700
33.980	1.700
33.990	1.700
34.000	1.700
34.010	1.700
34.020	1.700
34.030	1.700
34.040	1.700
34.050	1.700
34.060	1.700
34.070	1.700
34.080	1.700
34.090	1.700
34.100	1.700
34.110	1.700
34.120	1.700
34.130	1.700
34.140	1.700
34.150	1.700
34.160	1.700
34.170	1.700
34.180	1.700
34.190	1.700
34.200	1.700
34.210	1.700
34.220	1.700
34.230	1.700
34.240	1.700
34.250	1.700
34.260	1.700
34.270	1.700
34.280	1.700
34.290	1.700
34.300	1.700
34.310	1.700
34.320	1.700
34.330	1.700
34.340	1.700
34.350	1.700
34.360	1.700
34.370	1.700
34.380	1.700
34.390	1.700
34.400	1.700
34.410	1.700
34.420	1.700
34.430	1.700
34.440	1.700
34.450	1.700
34.460	1.700
34.470	1.700
34.480	1.700
34.490	1.700
34.500	1.700
34.510	1.700
34.520	1.700
34.530	1.700
34.540	1.700
34.550	1.700
34.560	1.700
34.570	1.700
34.580	1.700
34.590	1.700
34.600	1.700
34.610	1.700
34.620	1.700
34.630	1.700
34.640	1.700
34.650	1.700
34.660	1.700
34.670	1.700
34.680	1.700
34.690	1.700
34.700	1.700
34.710	1.700
34.720	1.700
34.730	1.700
34.740	1.700
34.750	1.700
34.760	1.700
